cell = [100.0, 100.0, 100.0]
nsys = 1
system = [1] 
useDMS = true
te = 1.10454150
td = 7.55480010
Ar = 8.014963246e+03
Br = -5.51527551e-01
Cr = -3.46949797e+00
rc_Elec = 11.0
rc_Core = 40.0
rc_Disp = 40.0
atoms_pbc = [true, true, true]