cell = [40.0, 40.0, 40.0]
nsys = 1
system = [1] 
useDMS = true
te = 1.10454150
td = [7.55480010, 3.2790805976696844]
Ar = [8.014963246e+03, 19048.131369604707]
Br = [-5.51527551e-01, 3.682220298746123]
Cr = [-3.46949797e+00, -5.395612919902546]
rc_Elec = 11.0
rc_Core = 40.0
rc_Disp = 40.0
atoms_pbc = [true, true, false]